0	15641	8268	7373
1	1450	1145	305
2	1424	1120	304
3	1426	1118	308
4	1460	1160	300
5	1485	1165	320
6	1451	1134	317
7	1547	1237	310
8	1507	1187	320
9	1471	1178	293
10	1439	1131	308
11	1541	1207	334
12	1411	1086	325
13	1616	1319	297
14	1487	1163	324
15	1582	1265	317
16	15606	8224	7382
17	1394	1082	312
18	1508	1207	301
19	1404	1097	307
20	1509	1189	320
21	1538	1226	312
22	1560	1234	326
23	1526	1204	322
24	1367	1048	319
25	1450	1154	296
26	1447	1136	311
27	1642	1317	325
28	1478	1163	315
29	1538	1225	313
30	1506	1175	331
31	1447	1127	320
32	15738	8352	7386
33	1505	1184	321
34	1428	1107	321
35	1481	1185	296
36	1556	1237	319
37	1619	1303	316
38	1450	1131	319
39	1551	1245	306
40	1491	1184	307
41	1557	1255	302
42	1527	1211	316
43	1592	1263	329
44	1542	1208	334
45	1649	1328	321
46	1624	1289	335
47	1575	1250	325
48	15674	8281	7393
49	1607	1278	329
50	1605	1274	331
51	1621	1299	322
52	1685	1350	335
53	1686	1367	319
54	1607	1282	325
55	1534	1218	316
56	1494	1171	323
57	1629	1321	308
58	1775	1448	327
59	1649	1317	332
60	1563	1229	334
61	1586	1269	317
62	1594	1267	327
63	1567	1243	324
64	15158	7774	7384
65	884	602	282
66	883	597	286
67	905	625	280
68	857	589	268
69	926	651	275
70	917	643	274
71	968	699	269
72	921	640	281
73	899	625	274
74	891	622	269
75	900	629	271
76	830	555	275
77	864	593	271
78	886	614	272
79	922	642	280
80	15136	7753	7383
81	902	620	282
82	928	643	285
83	885	603	282
84	939	670	269
85	949	674	275
86	950	676	274
87	947	675	272
88	928	645	283
89	958	683	275
90	986	719	267
91	926	658	268
92	944	672	272
93	982	709	273
94	952	676	276
95	967	686	281
96	15137	7754	7383
97	923	642	281
98	956	671	285
99	976	693	283
100	960	690	270
101	962	688	274
102	907	633	274
103	974	700	274
104	911	629	282
105	900	626	274
106	904	635	269
107	954	682	272
108	880	608	272
109	857	584	273
110	915	640	275
111	875	593	282
112	15139	7755	7384
113	975	693	282
114	983	700	283
115	907	621	286
116	942	672	270
117	906	634	272
118	952	673	279
119	961	687	274
120	954	671	283
121	919	641	278
122	924	652	272
123	964	690	274
124	889	620	269
125	951	676	275
126	904	628	276
127	934	653	281
128	15020	7756	7264
129	1097	820	277
130	1098	807	291
131	1087	797	290
132	1098	800	298
133	1100	804	296
134	1120	824	296
135	1088	807	281
136	1096	803	293
137	1065	768	297
138	1107	812	295
139	1143	853	290
140	1104	819	285
141	1134	837	297
142	1126	826	300
143	1087	804	283
144	15044	7771	7273
145	1071	792	279
146	1113	828	285
147	1070	784	286
148	1143	836	307
149	1119	821	298
150	1141	842	299
151	1109	824	285
152	1094	803	291
153	1138	835	303
154	1139	832	307
155	1062	772	290
156	1084	799	285
157	1119	822	297
158	1138	838	300
159	1063	783	280
160	15055	7787	7268
161	1108	828	280
162	1148	850	298
163	1126	838	288
164	1145	841	304
165	1152	855	297
166	1119	828	291
167	1109	820	289
168	1139	849	290
169	1116	816	300
170	1107	813	294
171	1109	821	288
172	1102	817	285
173	1101	815	286
174	1096	800	296
175	1080	799	281
176	15050	7783	7267
177	1079	799	280
178	1118	828	290
179	1137	849	288
180	1131	832	299
181	1166	859	307
182	1154	861	293
183	1056	771	285
184	1057	763	294
185	1087	787	300
186	1087	789	298
187	1083	788	295
188	1089	799	290
189	1088	799	289
190	1148	842	306
191	1099	813	286
192	14438	7303	7135
193	724	446	278
194	709	435	274
195	702	416	286
196	729	449	280
197	701	423	278
198	722	444	278
199	734	447	287
200	696	420	276
201	720	440	280
202	727	448	279
203	726	449	277
204	748	474	274
205	702	428	274
206	698	423	275
207	688	409	279
208	14437	7303	7134
209	738	462	276
210	704	429	275
211	707	422	285
212	712	430	282
213	693	415	278
214	683	408	275
215	725	439	286
216	682	406	276
217	676	398	278
218	741	462	279
219	719	442	277
220	742	468	274
221	701	428	273
222	726	454	272
223	740	459	281
224	14401	7267	7134
225	701	426	275
226	730	455	275
227	726	441	285
228	673	390	283
229	675	399	276
230	684	406	278
231	686	399	287
232	675	396	279
233	708	428	280
234	660	382	278
235	687	406	281
236	674	398	276
237	730	456	274
238	701	429	272
239	683	402	281
240	14434	7300	7134
241	744	468	276
242	730	451	279
243	766	481	285
244	761	477	284
245	732	457	275
246	739	460	279
247	756	473	283
248	724	445	279
249	749	469	280
250	733	455	278
251	747	466	281
252	719	445	274
253	728	456	272
254	724	451	273
255	728	450	278
256	14914	7788	7126
257	1100	863	237
258	1152	894	258
259	1187	944	243
260	1175	924	251
261	1181	929	252
262	1115	866	249
263	1130	881	249
264	1148	900	248
265	1146	892	254
266	1182	940	242
267	1208	958	250
268	1152	902	250
269	1208	945	263
270	1091	857	234
271	1123	868	255
272	14921	7794	7127
273	1092	855	237
274	1264	1009	255
275	1187	945	242
276	1185	935	250
277	1149	894	255
278	1197	951	246
279	1223	972	251
280	1081	835	246
281	1108	855	253
282	1258	1014	244
283	1116	865	251
284	1134	886	248
285	1172	906	266
286	1225	990	235
287	1109	856	253
288	14807	7679	7128
289	1050	813	237
290	1079	825	254
291	1060	819	241
292	1058	814	244
293	1081	825	256
294	1113	867	246
295	1148	895	253
296	1033	785	248
297	1161	907	254
298	1072	828	244
299	1092	842	250
300	1035	786	249
301	1176	913	263
302	1092	858	234
303	1104	856	248
304	14881	7752	7129
305	1134	890	244
306	1101	844	257
307	1130	886	244
308	1089	843	246
309	1202	944	258
310	1114	863	251
311	1182	928	254
312	1058	812	246
313	1090	833	257
314	1112	866	246
315	1102	850	252
316	1077	833	244
317	1149	880	269
318	1080	845	235
319	1103	847	256
320	15555	8352	7203
321	1637	1363	274
322	1578	1309	269
323	1580	1305	275
324	1596	1302	294
325	1537	1260	277
326	1626	1336	290
327	1592	1306	286
328	1442	1164	278
329	1445	1169	276
330	1625	1362	263
331	1603	1343	260
332	1622	1357	265
333	1746	1477	269
334	1749	1481	268
335	1774	1504	270
336	15594	8404	7190
337	1576	1311	265
338	1839	1570	269
339	1722	1420	302
340	1685	1377	308
341	1519	1233	286
342	1550	1277	273
343	1568	1286	282
344	1471	1184	287
345	1567	1284	283
346	1736	1460	276
347	1672	1385	287
348	1662	1409	253
349	1705	1433	272
350	1722	1451	271
351	1714	1437	277
352	15616	8406	7210
353	1567	1286	281
354	1522	1244	278
355	1708	1429	279
356	1769	1467	302
357	1709	1428	281
358	1653	1382	271
359	1720	1431	289
360	1806	1517	289
361	1825	1539	286
362	1747	1468	279
363	1758	1454	304
364	1653	1355	298
365	1789	1498	291
366	1873	1582	291
367	1632	1335	297
368	15559	8337	7222
369	1688	1403	285
370	1653	1376	277
371	1675	1383	292
372	1833	1526	307
373	1788	1485	303
374	1661	1373	288
375	1772	1483	289
376	1728	1423	305
377	1792	1496	296
378	1861	1578	283
379	1734	1441	293
380	1655	1366	289
381	1708	1431	277
382	1577	1287	290
383	1619	1345	274
384	15124	7844	7280
385	1120	819	301
386	1116	811	305
387	1129	817	312
388	1124	811	313
389	1141	828	313
390	1129	819	310
391	1147	837	310
392	1169	851	318
393	1079	778	301
394	1148	841	307
395	1151	842	309
396	1106	799	307
397	1140	827	313
398	1165	848	317
399	1175	863	312
400	15110	7824	7286
401	1188	867	321
402	1183	869	314
403	1194	870	324
404	1208	874	334
405	1166	845	321
406	1227	905	322
407	1200	883	317
408	1120	803	317
409	1130	825	305
410	1173	853	320
411	1178	860	318
412	1195	866	329
413	1209	879	330
414	1213	887	326
415	1155	841	314
416	15103	7814	7289
417	1184	865	319
418	1156	852	304
419	1162	850	312
420	1194	868	326
421	1134	828	306
422	1161	847	314
423	1199	879	320
424	1184	866	318
425	1192	866	326
426	1134	820	314
427	1173	865	308
428	1164	857	307
429	1183	867	316
430	1167	855	312
431	1165	844	321
432	15054	7766	7288
433	1151	846	305
434	1143	839	304
435	1173	863	310
436	1188	870	318
437	1187	887	300
438	1188	876	312
439	1176	864	312
440	1161	848	313
441	1140	835	305
442	1190	880	310
443	1175	866	309
444	1179	866	313
445	1140	827	313
446	1177	857	320
447	1159	851	308
448	14941	7671	7270
449	997	688	309
450	991	685	306
451	968	678	290
452	933	645	288
453	1001	705	296
454	1037	729	308
455	1031	727	304
456	1015	717	298
457	1032	743	289
458	1042	749	293
459	1104	800	304
460	1074	775	299
461	1051	752	299
462	1057	752	305
463	1069	769	300
464	14954	7690	7264
465	1002	690	312
466	1060	761	299
467	1002	710	292
468	1020	726	294
469	1011	714	297
470	1041	734	307
471	1010	707	303
472	957	658	299
473	1031	743	288
474	991	700	291
475	983	681	302
476	1000	702	298
477	991	696	295
478	1008	708	300
479	962	662	300
480	14932	7672	7260
481	970	658	312
482	997	698	299
483	1013	717	296
484	1021	732	289
485	988	691	297
486	968	668	300
487	921	618	303
488	897	602	295
489	1001	714	287
490	963	677	286
491	1017	717	300
492	943	641	302
493	971	673	298
494	989	686	303
495	975	680	295
496	14923	7656	7267
497	963	650	313
498	952	657	295
499	938	647	291
500	938	650	288
501	939	640	299
502	927	628	299
503	933	629	304
504	919	624	295
505	928	641	287
506	913	626	287
507	934	636	298
508	894	590	304
509	956	661	295
510	960	659	301
511	942	647	295
512	14833	7625	7208
513	924	678	246
514	938	678	260
515	928	680	248
516	926	671	255
517	919	673	246
518	917	660	257
519	918	665	253
520	931	679	252
521	951	697	254
522	975	709	266
523	950	705	245
524	931	675	256
525	933	685	248
526	958	702	256
527	949	694	255
528	14850	7642	7208
529	939	695	244
530	968	708	260
531	945	699	246
532	952	698	254
533	953	710	243
534	940	684	256
535	959	705	254
536	951	701	250
537	952	701	251
538	963	697	266
539	950	705	245
540	960	704	256
541	964	718	246
542	967	713	254
543	969	713	256
544	14885	7675	7210
545	953	708	245
546	962	704	258
547	971	721	250
548	970	716	254
549	977	731	246
550	959	701	258
551	966	711	255
552	966	718	248
553	985	732	253
554	963	699	264
555	956	712	244
556	949	696	253
557	982	733	249
558	974	720	254
559	980	725	255
560	14879	7671	7208
561	953	709	244
562	983	728	255
563	984	733	251
564	963	712	251
565	935	690	245
566	973	715	258
567	983	729	254
568	973	725	248
569	978	726	252
570	981	719	262
571	972	728	244
572	989	738	251
573	978	728	250
574	955	702	253
575	960	705	255
576	14791	7592	7199
577	946	648	298
578	926	626	300
579	921	619	302
580	921	624	297
581	921	625	296
582	904	616	288
583	925	636	289
584	920	623	297
585	877	574	303
586	865	573	292
587	898	606	292
588	891	592	299
589	890	602	288
590	924	625	299
591	907	607	300
592	14691	7491	7200
593	902	606	296
594	918	618	300
595	934	635	299
596	896	599	297
597	917	622	295
598	940	649	291
599	893	605	288
600	894	599	295
601	918	613	305
602	907	613	294
603	944	652	292
604	970	669	301
605	918	629	289
606	928	626	302
607	937	634	303
608	14713	7510	7203
609	864	569	295
610	894	592	302
611	858	562	296
612	921	621	300
613	896	601	295
614	854	564	290
615	870	582	288
616	865	570	295
617	897	597	300
618	855	560	295
619	872	582	290
620	902	603	299
621	891	603	288
622	915	615	300
623	892	593	299
624	14702	7501	7201
625	918	624	294
626	958	657	301
627	888	590	298
628	860	561	299
629	900	605	295
630	886	599	287
631	893	606	287
632	939	642	297
633	895	596	299
634	920	624	296
635	901	608	293
636	938	638	300
637	930	640	290
638	933	635	298
639	955	652	303
640	14962	7614	7348
641	800	548	252
642	778	532	246
643	795	535	260
644	818	566	252
645	798	550	248
646	799	537	262
647	820	560	260
648	808	564	244
649	838	586	252
650	826	569	257
651	850	596	254
652	830	586	244
653	847	595	252
654	824	563	261
655	828	573	255
656	15017	7673	7344
657	817	564	253
658	807	561	246
659	827	568	259
660	842	591	251
661	854	603	251
662	888	627	261
663	861	604	257
664	818	573	245
665	845	592	253
666	834	577	257
667	853	598	255
668	842	599	243
669	820	571	249
670	859	600	259
671	832	573	259
672	15017	7673	7344
673	838	587	251
674	798	551	247
675	841	581	260
676	845	593	252
677	880	630	250
678	864	605	259
679	828	572	256
680	835	588	247
681	808	555	253
682	825	569	256
683	870	614	256
684	834	593	241
685	833	582	251
686	798	540	258
687	791	534	257
688	14967	7627	7340
689	866	612	254
690	822	577	245
691	852	591	261
692	874	622	252
693	854	602	252
694	868	609	259
695	831	574	257
696	808	560	248
697	800	548	252
698	794	541	253
699	802	544	258
700	808	566	242
701	842	592	250
702	824	566	258
703	805	548	257
704	14609	7485	7124
705	907	656	251
706	878	631	247
707	883	628	255
708	896	648	248
709	892	641	251
710	885	627	258
711	858	617	241
712	870	616	254
713	859	611	248
714	886	629	257
715	872	622	250
716	924	663	261
717	891	633	258
718	913	659	254
719	920	660	260
720	14651	7513	7138
721	875	623	252
722	873	625	248
723	923	671	252
724	897	651	246
725	890	641	249
726	880	623	257
727	905	663	242
728	888	636	252
729	886	640	246
730	932	675	257
731	885	634	251
732	888	637	251
733	915	658	257
734	900	650	250
735	914	658	256
736	14655	7528	7127
737	891	642	249
738	895	645	250
739	880	629	251
740	867	621	246
741	862	611	251
742	837	580	257
743	796	557	239
744	855	595	260
745	875	630	245
746	884	623	261
747	904	653	251
748	887	631	256
749	916	660	256
750	926	670	256
751	908	648	260
752	14615	7476	7139
753	931	678	253
754	921	666	255
755	898	646	252
756	919	669	250
757	896	641	255
758	919	660	259
759	896	655	241
760	833	581	252
761	870	625	245
762	851	594	257
763	874	619	255
764	853	598	255
765	846	589	257
766	847	594	253
767	848	592	256
768	15250	7988	7262
769	1255	948	307
770	1330	1020	310
771	1384	1047	337
772	1347	1012	335
773	1342	1018	324
774	1307	980	327
775	1361	1041	320
776	1322	994	328
777	1360	1038	322
778	1358	1054	304
779	1355	1044	311
780	1341	1028	313
781	1419	1087	332
782	1377	1061	316
783	1347	1035	312
784	15280	8023	7257
785	1410	1087	323
786	1437	1123	314
787	1434	1122	312
788	1396	1084	312
789	1328	1016	312
790	1359	1045	314
791	1361	1054	307
792	1340	1016	324
793	1314	1007	307
794	1489	1180	309
795	1333	1023	310
796	1354	1036	318
797	1347	1018	329
798	1402	1077	325
799	1377	1040	337
800	15245	7961	7284
801	1315	998	317
802	1351	1043	308
803	1367	1049	318
804	1312	998	314
805	1349	1045	304
806	1332	1015	317
807	1310	993	317
808	1276	959	317
809	1346	1023	323
810	1409	1075	334
811	1334	1024	310
812	1327	1000	327
813	1395	1063	332
814	1377	1053	324
815	1368	1048	320
816	15247	7970	7277
817	1384	1074	310
818	1359	1042	317
819	1399	1076	323
820	1348	1030	318
821	1353	1041	312
822	1299	985	314
823	1321	1028	293
824	1290	971	319
825	1307	985	322
826	1322	1005	317
827	1335	1025	310
828	1257	954	303
829	1322	1018	304
830	1276	972	304
831	1362	1020	342
832	15451	8204	7247
833	1373	1099	274
834	1443	1163	280
835	1405	1140	265
836	1462	1184	278
837	1408	1142	266
838	1427	1149	278
839	1487	1208	279
840	1298	1024	274
841	1331	1058	273
842	1424	1148	276
843	1369	1102	267
844	1473	1206	267
845	1556	1278	278
846	1512	1242	270
847	1537	1262	275
848	15393	8151	7242
849	1451	1177	274
850	1522	1240	282
851	1554	1284	270
852	1539	1263	276
853	1386	1113	273
854	1450	1172	278
855	1393	1114	279
856	1361	1088	273
857	1445	1169	276
858	1502	1226	276
859	1465	1194	271
860	1479	1208	271
861	1485	1207	278
862	1497	1227	270
863	1504	1228	276
864	15475	8234	7241
865	1383	1108	275
866	1447	1162	285
867	1534	1265	269
868	1549	1275	274
869	1458	1190	268
870	1563	1281	282
871	1534	1253	281
872	1496	1223	273
873	1529	1257	272
874	1531	1257	274
875	1565	1294	271
876	1529	1261	268
877	1544	1266	278
878	1553	1284	269
879	1423	1149	274
880	15371	8135	7236
881	1356	1079	277
882	1462	1181	281
883	1514	1244	270
884	1517	1248	269
885	1511	1241	270
886	1380	1101	279
887	1486	1206	280
888	1440	1167	273
889	1537	1264	273
890	1494	1222	272
891	1549	1279	270
892	1449	1181	268
893	1492	1216	276
894	1363	1095	268
895	1446	1173	273
896	15467	8058	7409
897	1389	996	393
898	1351	984	367
899	1302	946	356
900	1326	976	350
901	1322	965	357
902	1363	996	367
903	1345	978	367
904	1349	983	366
905	1376	997	379
906	1376	1002	374
907	1332	968	364
908	1325	977	348
909	1298	963	335
910	1315	950	365
911	1373	1002	371
912	15453	8036	7417
913	1344	949	395
914	1301	950	351
915	1314	960	354
916	1392	1043	349
917	1315	954	361
918	1286	924	362
919	1306	952	354
920	1342	962	380
921	1358	981	377
922	1341	976	365
923	1340	954	386
924	1384	1020	364
925	1369	1015	354
926	1310	937	373
927	1340	985	355
928	15398	8014	7384
929	1315	945	370
930	1276	942	334
931	1323	973	350
932	1297	957	340
933	1245	921	324
934	1288	955	333
935	1265	946	319
936	1321	964	357
937	1307	971	336
938	1303	950	353
939	1284	935	349
940	1298	952	346
941	1303	954	349
942	1419	1033	386
943	1365	978	387
944	15409	8018	7391
945	1351	974	377
946	1344	982	362
947	1306	965	341
948	1284	947	337
949	1351	992	359
950	1349	978	371
951	1287	948	339
952	1259	938	321
953	1287	939	348
954	1323	964	359
955	1342	989	353
956	1365	1012	353
957	1363	1011	352
958	1329	974	355
959	1332	970	362
960	14977	7783	7194
961	1124	839	285
962	1110	824	286
963	1117	830	287
964	1093	798	295
965	1116	822	294
966	1188	903	285
967	1197	906	291
968	1176	889	287
969	1118	827	291
970	1102	812	290
971	1185	896	289
972	1129	839	290
973	1144	859	285
974	1197	909	288
975	1183	907	276
976	14949	7758	7191
977	1051	767	284
978	1169	884	285
979	1118	831	287
980	1104	806	298
981	1081	786	295
982	1091	806	285
983	1110	820	290
984	1037	745	292
985	1096	807	289
986	1101	809	292
987	1128	840	288
988	1154	867	287
989	1114	830	284
990	1153	864	289
991	1068	793	275
992	14880	7688	7192
993	1072	789	283
994	1145	858	287
995	1143	860	283
996	1137	836	301
997	1098	803	295
998	1133	850	283
999	1107	818	289
1000	1091	800	291
1001	1168	880	288
1002	1097	809	288
1003	1136	845	291
1004	1084	800	284
1005	1142	855	287
1006	1121	832	289
1007	1072	794	278
1008	14901	7709	7192
1009	1094	813	281
1010	1117	830	287
1011	1133	850	283
1012	1088	786	302
1013	1116	823	293
1014	1112	828	284
1015	1129	838	291
1016	1109	817	292
1017	1136	844	292
1018	1126	837	289
1019	1130	837	293
1020	1045	762	283
1021	1044	754	290
1022	1110	820	290
1023	1078	802	276
1024	15008	7808	7200
1025	1133	836	297
1026	1106	816	290
1027	1109	805	304
1028	1119	835	284
1029	1140	850	290
1030	1162	875	287
1031	1138	849	289
1032	1153	847	306
1033	1184	888	296
1034	1123	833	290
1035	1198	903	295
1036	1131	830	301
1037	1162	870	292
1038	1081	794	287
1039	1138	850	288
1040	14937	7738	7199
1041	1113	815	298
1042	1155	860	295
1043	1112	811	301
1044	1125	838	287
1045	1162	870	292
1046	1198	913	285
1047	1217	929	288
1048	1130	825	305
1049	1135	837	298
1050	1115	829	286
1051	1233	940	293
1052	1157	857	300
1053	1173	877	296
1054	1174	888	286
1055	1133	844	289
1056	14986	7789	7197
1057	1193	897	296
1058	1156	864	292
1059	1213	911	302
1060	1186	899	287
1061	1221	929	292
1062	1111	825	286
1063	1200	916	284
1064	1134	827	307
1065	1193	894	299
1066	1181	894	287
1067	1217	922	295
1068	1185	888	297
1069	1239	944	295
1070	1208	925	283
1071	1202	911	291
1072	14963	7764	7199
1073	1203	905	298
1074	1224	934	290
1075	1232	929	303
1076	1192	905	287
1077	1193	902	291
1078	1218	931	287
1079	1177	891	286
1080	1198	890	308
1081	1205	909	296
1082	1305	1017	288
1083	1213	918	295
1084	1218	919	299
1085	1186	893	293
1086	1181	896	285
1087	1232	939	293
1088	14947	7705	7242
1089	1139	793	346
1090	1099	749	350
1091	1072	760	312
1092	1021	725	296
1093	1088	765	323
1094	1095	783	312
1095	1142	840	302
1096	1082	778	304
1097	1116	795	321
1098	1120	811	309
1099	1112	794	318
1100	1076	742	334
1101	1107	781	326
1102	1097	788	309
1103	1089	789	300
1104	14895	7661	7234
1105	1120	801	319
1106	1115	772	343
1107	1115	769	346
1108	1144	807	337
1109	1124	778	346
1110	1134	812	322
1111	1079	756	323
1112	1082	785	297
1113	1057	766	291
1114	1080	782	298
1115	1121	795	326
1116	1125	798	327
1117	1147	805	342
1118	1132	808	324
1119	1139	814	325
1120	14925	7698	7227
1121	1099	768	331
1122	1122	780	342
1123	1176	827	349
1124	1136	813	323
1125	1149	800	349
1126	1082	767	315
1127	1134	819	315
1128	1087	767	320
1129	1122	823	299
1130	1095	770	325
1131	1072	770	302
1132	1027	719	308
1133	1049	744	305
1134	1068	773	295
1135	981	692	289
1136	14816	7627	7189
1137	1050	751	299
1138	1108	807	301
1139	1061	752	309
1140	1062	757	305
1141	1106	784	322
1142	1026	724	302
1143	1036	746	290
1144	999	720	279
1145	1030	755	275
1146	1107	790	317
1147	1084	775	309
1148	1100	791	309
1149	1080	773	307
1150	1009	728	281
1151	1043	738	305
1152	14818	7521	7297
1153	729	475	254
1154	689	448	241
1155	713	459	254
1156	722	470	252
1157	735	488	247
1158	756	499	257
1159	729	487	242
1160	749	488	261
1161	749	500	249
1162	709	464	245
1163	715	464	251
1164	732	484	248
1165	740	501	239
1166	756	515	241
1167	719	479	240
1168	14810	7516	7294
1169	748	495	253
1170	731	488	243
1171	747	496	251
1172	739	485	254
1173	750	506	244
1174	761	504	257
1175	743	501	242
1176	770	513	257
1177	765	514	251
1178	774	529	245
1179	799	546	253
1180	805	556	249
1181	760	521	239
1182	761	520	241
1183	763	521	242
1184	14864	7570	7294
1185	788	534	254
1186	761	520	241
1187	778	526	252
1188	791	531	260
1189	767	524	243
1190	793	541	252
1191	785	535	250
1192	791	535	256
1193	782	528	254
1194	785	541	244
1195	804	549	255
1196	792	543	249
1197	769	529	240
1198	771	532	239
1199	781	537	244
1200	14883	7590	7293
1201	790	536	254
1202	772	533	239
1203	799	548	251
1204	805	548	257
1205	784	541	243
1206	793	542	251
1207	772	522	250
1208	774	520	254
1209	791	536	255
1210	767	522	245
1211	806	549	257
1212	779	530	249
1213	758	520	238
1214	765	526	239
1215	789	545	244
1216	15296	7803	7493
1217	811	544	267
1218	902	630	272
1219	828	563	265
1220	873	599	274
1221	857	587	270
1222	828	558	270
1223	803	546	257
1224	802	535	267
1225	839	563	276
1226	877	604	273
1227	825	555	270
1228	862	581	281
1229	875	605	270
1230	846	584	262
1231	877	603	274
1232	15320	7827	7493
1233	835	568	267
1234	874	601	273
1235	866	601	265
1236	880	607	273
1237	869	594	275
1238	822	554	268
1239	822	560	262
1240	831	563	268
1241	822	547	275
1242	870	596	274
1243	790	524	266
1244	881	599	282
1245	850	582	268
1246	829	570	259
1247	824	552	272
1248	15262	7766	7496
1249	827	558	269
1250	867	597	270
1251	856	588	268
1252	849	575	274
1253	818	546	272
1254	891	620	271
1255	855	593	262
1256	824	558	266
1257	869	597	272
1258	829	556	273
1259	836	569	267
1260	837	556	281
1261	897	628	269
1262	888	629	259
1263	871	600	271
1264	15280	7781	7499
1265	846	580	266
1266	872	603	269
1267	810	544	266
1268	881	609	272
1269	903	632	271
1270	837	569	268
1271	858	595	263
1272	836	568	268
1273	854	581	273
1274	850	581	269
1275	886	617	269
1276	872	588	284
1277	833	563	270
1278	821	562	259
1279	798	527	271
1280	15481	8066	7415
1281	1383	1033	350
1282	1338	1004	334
1283	1271	935	336
1284	1425	1040	385
1285	1445	1089	356
1286	1399	1052	347
1287	1424	1077	347
1288	1385	1044	341
1289	1446	1083	363
1290	1396	1040	356
1291	1443	1061	382
1292	1402	1035	367
1293	1489	1131	358
1294	1416	1023	393
1295	1388	1025	363
1296	15563	8149	7414
1297	1387	1017	370
1298	1492	1146	346
1299	1505	1135	370
1300	1446	1083	363
1301	1380	1015	365
1302	1469	1099	370
1303	1508	1130	378
1304	1364	995	369
1305	1383	995	388
1306	1462	1105	357
1307	1392	1040	352
1308	1423	1060	363
1309	1389	1028	361
1310	1385	1021	364
1311	1320	963	357
1312	15421	8006	7415
1313	1359	980	379
1314	1450	1074	376
1315	1444	1047	397
1316	1387	985	402
1317	1414	1004	410
1318	1452	1060	392
1319	1471	1060	411
1320	1336	969	367
1321	1466	1066	400
1322	1480	1076	404
1323	1423	1016	407
1324	1402	975	427
1325	1423	1047	376
1326	1412	1023	389
1327	1429	1021	408
1328	15441	8015	7426
1329	1433	1073	360
1330	1402	1044	358
1331	1386	1014	372
1332	1396	1046	350
1333	1439	1079	360
1334	1363	1005	358
1335	1457	1074	383
1336	1359	975	384
1337	1363	987	376
1338	1402	1016	386
1339	1456	1065	391
1340	1379	1023	356
1341	1344	999	345
1342	1365	990	375
1343	1341	986	355
1344	15849	8542	7307
1345	1778	1454	324
1346	1751	1438	313
1347	1593	1294	299
1348	1585	1283	302
1349	1622	1310	312
1350	1778	1466	312
1351	1843	1535	308
1352	1612	1306	306
1353	1691	1390	301
1354	1767	1459	308
1355	1743	1433	310
1356	1743	1435	308
1357	1828	1513	315
1358	1789	1477	312
1359	1861	1557	304
1360	15785	8492	7293
1361	1624	1310	314
1362	1878	1559	319
1363	1717	1416	301
1364	1741	1438	303
1365	1637	1320	317
1366	1658	1345	313
1367	1664	1363	301
1368	1625	1323	302
1369	1801	1484	317
1370	1781	1471	310
1371	1791	1465	326
1372	1822	1510	312
1373	1779	1450	329
1374	1889	1544	345
1375	1836	1513	323
1376	15671	8362	7309
1377	1680	1349	331
1378	1775	1439	336
1379	1859	1532	327
1380	1835	1501	334
1381	1817	1484	333
1382	1795	1461	334
1383	1845	1518	327
1384	1892	1566	326
1385	2000	1676	324
1386	1831	1503	328
1387	1931	1611	320
1388	1704	1399	305
1389	1902	1582	320
1390	1856	1528	328
1391	1710	1393	317
1392	15725	8414	7311
1393	1817	1460	357
1394	1953	1615	338
1395	1832	1509	323
1396	1921	1598	323
1397	1890	1560	330
1398	1737	1400	337
1399	1874	1560	314
1400	1741	1419	322
1401	1894	1572	322
1402	1923	1583	340
1403	1879	1556	323
1404	1722	1381	341
1405	1842	1514	328
1406	1755	1416	339
1407	1805	1460	345
1408	14994	7756	7238
1409	1037	749	288
1410	1069	783	286
1411	1033	751	282
1412	1061	769	292
1413	1070	785	285
1414	1037	748	289
1415	1066	769	297
1416	1010	719	291
1417	970	681	289
1418	1015	726	289
1419	962	671	291
1420	985	695	290
1421	997	703	294
1422	1002	715	287
1423	1023	733	290
1424	14920	7678	7242
1425	992	703	289
1426	1007	723	284
1427	1013	728	285
1428	976	686	290
1429	995	710	285
1430	981	688	293
1431	994	698	296
1432	962	672	290
1433	1004	716	288
1434	993	698	295
1435	1018	728	290
1436	980	691	289
1437	1014	720	294
1438	1035	748	287
1439	1037	745	292
1440	14920	7676	7244
1441	997	707	290
1442	1000	718	282
1443	1014	725	289
1444	982	691	291
1445	984	699	285
1446	985	693	292
1447	945	653	292
1448	989	698	291
1449	975	681	294
1450	950	655	295
1451	968	677	291
1452	987	694	293
1453	1000	705	295
1454	1003	717	286
1455	1012	719	293
1456	14855	7612	7243
1457	988	696	292
1458	954	675	279
1459	955	664	291
1460	999	712	287
1461	1002	715	287
1462	986	694	292
1463	980	688	292
1464	1008	718	290
1465	1009	716	293
1466	1021	726	295
1467	1021	730	291
1468	1021	731	290
1469	991	696	295
1470	986	701	285
1471	989	701	288
1472	15045	7826	7219
1473	1078	836	242
1474	1193	929	264
1475	1117	856	261
1476	1091	841	250
1477	1099	842	257
1478	1204	957	247
1479	1279	1018	261
1480	1140	895	245
1481	1124	859	265
1482	1166	910	256
1483	1276	1025	251
1484	1242	981	261
1485	1213	955	258
1486	1198	945	253
1487	1231	967	264
1488	15036	7812	7224
1489	988	745	243
1490	1131	867	264
1491	1112	849	263
1492	1149	899	250
1493	1082	831	251
1494	1163	912	251
1495	1135	879	256
1496	1010	764	246
1497	1140	877	263
1498	1214	957	257
1499	1205	957	248
1500	1142	883	259
1501	1258	995	263
1502	1176	924	252
1503	1069	807	262
1504	15008	7785	7223
1505	1064	821	243
1506	1163	898	265
1507	1190	927	263
1508	1184	935	249
1509	1148	895	253
1510	1166	914	252
1511	1117	861	256
1512	1040	793	247
1513	1238	973	265
1514	1173	912	261
1515	1199	950	249
1516	1082	824	258
1517	1153	893	260
1518	1179	930	249
1519	1205	942	263
1520	15109	7887	7222
1521	1089	847	242
1522	1127	862	265
1523	1095	838	257
1524	1129	876	253
1525	1122	867	255
1526	1157	907	250
1527	1152	901	251
1528	1113	864	249
1529	1116	853	263
1530	1101	841	260
1531	1052	806	246
1532	981	725	256
1533	1068	809	259
1534	1062	812	250
1535	1135	874	261
1536	14954	7543	7411
1537	715	428	287
1538	736	436	300
1539	742	449	293
1540	773	460	313
1541	712	412	300
1542	723	424	299
1543	718	429	289
1544	730	440	290
1545	719	425	294
1546	690	391	299
1547	683	383	300
1548	700	406	294
1549	724	423	301
1550	741	425	316
1551	714	428	286
1552	14941	7533	7408
1553	728	439	289
1554	729	431	298
1555	704	412	292
1556	727	419	308
1557	719	419	300
1558	689	390	299
1559	686	398	288
1560	684	397	287
1561	702	411	291
1562	711	411	300
1563	733	433	300
1564	694	402	292
1565	714	410	304
1566	716	400	316
1567	685	398	287
1568	14959	7550	7409
1569	752	460	292
1570	738	437	301
1571	730	437	293
1572	753	449	304
1573	751	450	301
1574	753	453	300
1575	737	445	292
1576	760	472	288
1577	762	469	293
1578	753	455	298
1579	771	467	304
1580	741	447	294
1581	757	455	302
1582	768	450	318
1583	729	440	289
1584	14950	7543	7407
1585	776	483	293
1586	789	488	301
1587	748	454	294
1588	770	464	306
1589	780	476	304
1590	756	453	303
1591	769	475	294
1592	779	490	289
1593	780	485	295
1594	750	453	297
1595	723	418	305
1596	757	464	293
1597	772	466	306
1598	727	411	316
1599	730	438	292
1600	14572	7431	7141
1601	857	568	289
1602	831	548	283
1603	817	538	279
1604	801	511	290
1605	861	586	275
1606	868	594	274
1607	904	615	289
1608	900	612	288
1609	874	594	280
1610	864	580	284
1611	846	561	285
1612	765	476	289
1613	831	554	277
1614	868	580	288
1615	872	592	280
1616	14545	7408	7137
1617	863	577	286
1618	838	557	281
1619	857	580	277
1620	893	602	291
1621	877	603	274
1622	889	615	274
1623	915	628	287
1624	918	629	289
1625	889	609	280
1626	920	634	286
1627	879	596	283
1628	939	650	289
1629	891	612	279
1630	874	586	288
1631	871	593	278
1632	14563	7424	7139
1633	845	559	286
1634	899	618	281
1635	834	556	278
1636	868	576	292
1637	879	603	276
1638	822	549	273
1639	823	536	287
1640	824	533	291
1641	884	603	281
1642	862	576	286
1643	887	608	279
1644	850	561	289
1645	808	529	279
1646	835	549	286
1647	807	531	276
1648	14559	7406	7153
1649	833	545	288
1650	776	498	278
1651	830	548	282
1652	886	596	290
1653	858	587	271
1654	850	579	271
1655	846	557	289
1656	883	593	290
1657	870	589	281
1658	859	574	285
1659	902	621	281
1660	898	608	290
1661	886	608	278
1662	852	568	284
1663	801	525	276
1664	15095	7749	7346
1665	993	689	304
1666	1005	699	306
1667	971	676	295
1668	959	669	290
1669	973	666	307
1670	939	639	300
1671	972	673	299
1672	955	666	289
1673	1007	700	307
1674	1013	721	292
1675	990	682	308
1676	980	678	302
1677	979	688	291
1678	988	689	299
1679	995	694	301
1680	15060	7716	7344
1681	957	656	301
1682	992	688	304
1683	960	665	295
1684	986	694	292
1685	1014	710	304
1686	1021	718	303
1687	1032	732	300
1688	1012	720	292
1689	1048	741	307
1690	1007	715	292
1691	1006	699	307
1692	991	685	306
1693	979	686	293
1694	1002	703	299
1695	1027	726	301
1696	15125	7785	7340
1697	1042	736	306
1698	1026	721	305
1699	1016	723	293
1700	1026	732	294
1701	1017	713	304
1702	1001	698	303
1703	998	698	300
1704	1013	720	293
1705	1008	700	308
1706	994	704	290
1707	1041	736	305
1708	1058	751	307
1709	1040	751	289
1710	1041	738	303
1711	990	691	299
1712	15072	7730	7342
1713	1015	712	303
1714	999	695	304
1715	1053	758	295
1716	1030	735	295
1717	1035	731	304
1718	1027	724	303
1719	1026	725	301
1720	956	664	292
1721	993	686	307
1722	952	660	292
1723	959	655	304
1724	984	680	304
1725	976	687	289
1726	987	686	301
1727	985	689	296
1728	15064	7792	7272
1729	1033	751	282
1730	1043	767	276
1731	1075	793	282
1732	1032	759	273
1733	1019	734	285
1734	1028	757	271
1735	1041	767	274
1736	1061	789	272
1737	1017	747	270
1738	1064	777	287
1739	1031	751	280
1740	1007	720	287
1741	1037	758	279
1742	1038	766	272
1743	1055	783	272
1744	15043	7775	7268
1745	1073	792	281
1746	1054	780	274
1747	1063	782	281
1748	1079	809	270
1749	1040	754	286
1750	1012	744	268
1751	979	708	271
1752	1004	733	271
1753	1045	776	269
1754	1098	811	287
1755	1075	797	278
1756	1083	800	283
1757	1142	860	282
1758	1086	814	272
1759	1088	818	270
1760	15045	7777	7268
1761	995	714	281
1762	1044	771	273
1763	1034	756	278
1764	1029	756	273
1765	1014	731	283
1766	1025	756	269
1767	1056	785	271
1768	992	722	270
1769	1004	735	269
1770	1011	727	284
1771	1005	725	280
1772	1038	755	283
1773	1030	749	281
1774	1054	781	273
1775	985	716	269
1776	14940	7675	7265
1777	1021	741	280
1778	1012	734	278
1779	1033	756	277
1780	975	701	274
1781	1027	741	286
1782	962	693	269
1783	1048	773	275
1784	983	713	270
1785	1018	744	274
1786	974	687	287
1787	1022	740	282
1788	1012	727	285
1789	996	716	280
1790	1007	731	276
1791	1018	752	266
1792	15273	8061	7212
1793	1334	1050	284
1794	1339	1071	268
1795	1337	1052	285
1796	1331	1068	263
1797	1309	1038	271
1798	1272	1001	271
1799	1324	1053	271
1800	1271	996	275
1801	1376	1099	277
1802	1362	1060	302
1803	1319	1033	286
1804	1267	970	297
1805	1370	1082	288
1806	1217	908	309
1807	1201	901	300
1808	15193	7965	7228
1809	1344	1041	303
1810	1390	1093	297
1811	1389	1091	298
1812	1293	1019	274
1813	1288	1002	286
1814	1390	1096	294
1815	1368	1089	279
1816	1251	959	292
1817	1291	1009	282
1818	1381	1100	281
1819	1248	974	274
1820	1305	1010	295
1821	1229	951	278
1822	1330	1038	292
1823	1294	1000	294
1824	15186	7951	7235
1825	1228	942	286
1826	1308	1013	295
1827	1333	1032	301
1828	1290	1012	278
1829	1351	1064	287
1830	1368	1080	288
1831	1313	1036	277
1832	1293	1001	292
1833	1397	1108	289
1834	1319	1027	292
1835	1300	1022	278
1836	1228	947	281
1837	1434	1150	284
1838	1371	1082	289
1839	1356	1054	302
1840	15166	7938	7228
1841	1369	1077	292
1842	1294	998	296
1843	1324	1034	290
1844	1321	1047	274
1845	1430	1156	274
1846	1257	976	281
1847	1296	1023	273
1848	1205	927	278
1849	1260	984	276
1850	1277	1004	273
1851	1300	1036	264
1852	1248	978	270
1853	1311	1032	279
1854	1284	1007	277
1855	1211	934	277
1856	14899	7795	7104
1857	1097	840	257
1858	1095	839	256
1859	1038	781	257
1860	1025	779	246
1861	1071	803	268
1862	1168	912	256
1863	1201	923	278
1864	1055	796	259
1865	1051	797	254
1866	1127	866	261
1867	1094	841	253
1868	1061	795	266
1869	1182	926	256
1870	1102	842	260
1871	1180	920	260
1872	14823	7717	7106
1873	1004	748	256
1874	1159	898	261
1875	1056	797	259
1876	1048	799	249
1877	1061	793	268
1878	1035	783	252
1879	1049	768	281
1880	1081	824	257
1881	1142	886	256
1882	1130	874	256
1883	1093	836	257
1884	1158	892	266
1885	1149	892	257
1886	1082	822	260
1887	1035	774	261
1888	14799	7691	7108
1889	1087	829	258
1890	1087	827	260
1891	1138	881	257
1892	1169	921	248
1893	1119	853	266
1894	1077	821	256
1895	1125	846	279
1896	1155	896	259
1897	1294	1038	256
1898	1177	917	260
1899	1186	930	256
1900	1101	835	266
1901	1199	945	254
1902	1185	922	263
1903	1075	815	260
1904	14849	7745	7104
1905	1155	901	254
1906	1118	857	261
1907	1159	902	257
1908	1158	912	246
1909	1162	899	263
1910	1112	855	257
1911	1192	914	278
1912	1196	936	260
1913	1214	960	254
1914	1199	937	262
1915	1214	961	253
1916	1172	906	266
1917	1224	969	255
1918	1098	839	259
1919	1177	912	265
1920	15046	7678	7368
1921	820	554	266
1922	835	562	273
1923	828	563	265
1924	915	647	268
1925	812	552	260
1926	825	560	265
1927	852	580	272
1928	847	588	259
1929	831	558	273
1930	827	563	264
1931	925	653	272
1932	839	576	263
1933	831	552	279
1934	843	583	260
1935	852	583	269
1936	15026	7661	7365
1937	935	666	269
1938	852	580	272
1939	850	583	267
1940	834	569	265
1941	839	577	262
1942	833	569	264
1943	838	564	274
1944	841	583	258
1945	836	560	276
1946	847	581	266
1947	845	573	272
1948	849	584	265
1949	882	603	279
1950	843	579	264
1951	836	565	271
1952	15051	7683	7368
1953	848	579	269
1954	847	575	272
1955	855	585	270
1956	859	592	267
1957	844	579	265
1958	842	578	264
1959	851	577	274
1960	837	583	254
1961	853	575	278
1962	845	580	265
1963	855	583	272
1964	867	601	266
1965	849	572	277
1966	835	571	264
1967	830	561	269
1968	15023	7655	7368
1969	827	562	265
1970	833	560	273
1971	834	567	267
1972	837	569	268
1973	825	563	262
1974	855	587	268
1975	874	602	272
1976	840	583	257
1977	871	593	278
1978	870	603	267
1979	852	580	272
1980	854	590	264
1981	883	606	277
1982	838	573	265
1983	853	582	271
1984	14693	7544	7149
1985	859	599	260
1986	908	654	254
1987	870	620	250
1988	883	628	255
1989	865	612	253
1990	944	688	256
1991	878	620	258
1992	865	609	256
1993	854	593	261
1994	921	665	256
1995	933	676	257
1996	902	649	253
1997	935	680	255
1998	945	695	250
1999	919	658	261
2000	14716	7567	7149
2001	831	572	259
2002	920	665	255
2003	852	599	253
2004	895	639	256
2005	884	630	254
2006	892	634	258
2007	868	610	258
2008	878	621	257
2009	916	655	261
2010	903	650	253
2011	930	670	260
2012	889	636	253
2013	926	671	255
2014	908	656	252
2015	868	607	261
2016	14668	7520	7148
2017	882	621	261
2018	919	657	262
2019	912	660	252
2020	897	641	256
2021	929	675	254
2022	921	663	258
2023	933	677	256
2024	862	602	260
2025	982	724	258
2026	898	643	255
2027	906	645	261
2028	901	650	251
2029	940	686	254
2030	907	654	253
2031	966	704	262
2032	14588	7439	7149
2033	766	507	259
2034	751	493	258
2035	788	535	253
2036	801	547	254
2037	786	531	255
2038	811	555	256
2039	792	535	257
2040	771	510	261
2041	772	516	256
2042	777	519	258
2043	776	516	260
2044	768	515	253
2045	801	548	253
2046	789	533	256
2047	770	511	259
